*;;;;;;;;;;
* Ergebnis;;;;;;;;;;
*;;;;;;;;;;
Ergebnis: Iteration; Kosten; Fahrzeuge; Ladestationen
0;5.2612355987399995E7;79;42
0;4.2112355987399995E7;79;42
1;4.2112355987399995E7;79;42
2;4.2112355987399995E7;79;42
3;4.2112355987399995E7;79;42
4;4.2112355987399995E7;79;42
5;4.2112355987399995E7;79;42
6;4.2112355987399995E7;79;42
7;4.2112355987399995E7;79;42
8;4.186241138120555E7;79;41
9;4.161242000616111E7;79;40
10;4.161242000616111E7;79;40
11;4.161242000616111E7;79;40
12;4.161242000616111E7;79;40
13;4.161242000616111E7;79;40
14;4.136244136318889E7;79;39
15;4.1112441363188885E7;79;38
16;4.1112441363188885E7;79;38
17;4.086246407122222E7;79;37
18;4.086246407122222E7;79;37
19;4.086246407122222E7;79;37
20;4.086246407122222E7;79;37
21;4.086246407122222E7;79;37
22;4.086246407122222E7;79;37
23;4.086246407122222E7;79;37
24;4.0612508068855554E7;79;36
25;4.061250265428889E7;79;36
26;4.03625007284E7;79;35
27;4.03625007284E7;79;35
28;4.011250162760556E7;79;34
29;4.011250162760556E7;79;34
30;4.011250162760556E7;79;34
31;4.011250162760556E7;79;34
32;4.011250162760556E7;79;34
33;4.011250162760556E7;79;34
34;4.011250162760556E7;79;34
35;4.011250162760556E7;79;34
36;4.011250162760556E7;79;34
37;4.011250162760556E7;79;34
38;4.011250162760556E7;79;34
39;4.011250162760556E7;79;34
40;4.011250162760556E7;79;34
41;3.986256367993889E7;79;33
42;3.986256367993889E7;79;33
43;3.986256367993889E7;79;33
44;3.986256367993889E7;79;33
45;3.986256367993889E7;79;33
46;3.986256367993889E7;79;33
47;3.961258308732778E7;79;32
48;3.961258308732778E7;79;32
49;3.961258308732778E7;79;32
50;3.961258308732778E7;79;32
51;3.961258308732778E7;79;32
52;3.961258308732778E7;79;32
53;3.961258308732778E7;79;32
54;3.936258969301112E7;79;31
55;3.936258969301112E7;79;31
56;3.936258969301112E7;79;31
57;3.936258969301112E7;79;31
58;3.936258969301112E7;79;31
59;3.936258969301112E7;79;31
60;3.936258969301112E7;79;31
61;3.936258969301112E7;79;31
62;3.936258969301112E7;79;31
63;3.936258969301112E7;79;31
64;3.936258969301112E7;79;31
65;3.936258969301112E7;79;31
66;3.936258969301112E7;79;31
67;3.936258969301112E7;79;31
68;3.936258969301112E7;79;31
69;3.936258969301112E7;79;31
70;3.936258969301112E7;79;31
71;3.936258969301112E7;79;31
72;3.936258969301112E7;79;31
73;3.936258969301112E7;79;31
74;3.936258969301112E7;79;31
75;3.936258969301112E7;79;31
76;3.9112683766388886E7;79;30
77;3.9112683766388886E7;79;30
78;3.9112683766388886E7;79;30
79;3.9112683766388886E7;79;30
80;3.9112683766388886E7;79;30
81;3.9112683766388886E7;79;30
82;3.9112683766388886E7;79;30
83;3.9112683766388886E7;79;30
84;3.9112683766388886E7;79;30
85;3.9112683766388886E7;79;30
86;3.9112683766388886E7;79;30
87;3.9112683766388886E7;79;30
88;3.9112683766388886E7;79;30
89;3.9112683766388886E7;79;30
90;3.9112683766388886E7;79;30
91;3.9112683766388886E7;79;30
92;3.9112683766388886E7;79;30
93;3.9112683766388886E7;79;30
94;3.9112683766388886E7;79;30
95;3.9112683766388886E7;79;30
96;3.9112683766388886E7;79;30
97;3.886273906689444E7;79;29
98;3.886273906689444E7;79;29
99;3.886273906689444E7;79;29
100;3.886273906689444E7;79;29
101;3.886273906689444E7;79;29
102;3.886273906689444E7;79;29
103;3.886273906689444E7;79;29
104;3.886273759249444E7;79;29
105;3.8862730091294445E7;79;29
106;3.8862730091294445E7;79;29
107;3.861272922827778E7;79;28
108;3.861272922827778E7;79;28
109;3.861272922827778E7;79;28
110;3.861272922827778E7;79;28
111;3.861272922827778E7;79;28
112;3.861272922827778E7;79;28
113;3.861272922827778E7;79;28
114;3.861272922827778E7;79;28
115;3.861272922827778E7;79;28
116;3.861272922827778E7;79;28
117;3.861272922827778E7;79;28
118;3.861272922827778E7;79;28
119;3.861272922827778E7;79;28
120;3.861272922827778E7;79;28
121;3.861272922827778E7;79;28
122;3.861272922827778E7;79;28
123;3.861272922827778E7;79;28
124;3.861272922827778E7;79;28
125;3.861272922827778E7;79;28
126;3.861272922827778E7;79;28
127;3.861272922827778E7;79;28
128;3.861272922827778E7;79;28
129;3.861272922827778E7;79;28
130;3.861272922827778E7;79;28
131;3.861272922827778E7;79;28
132;3.861272922827778E7;79;28
133;3.861272922827778E7;79;28
134;3.861272922827778E7;79;28
135;3.861272922827778E7;79;28
136;3.861272922827778E7;79;28
137;3.861272922827778E7;79;28
138;3.861272922827778E7;79;28
139;3.861272922827778E7;79;28
140;3.861272922827778E7;79;28
141;3.861272922827778E7;79;28
142;3.861272922827778E7;79;28
143;3.861272922827778E7;79;28
144;3.861272922827778E7;79;28
145;3.861272922827778E7;79;28
146;3.861272922827778E7;79;28
147;3.861272922827778E7;79;28
148;3.861272922827778E7;79;28
149;3.861272922827778E7;79;28
150;3.861272922827778E7;79;28
151;3.861272922827778E7;79;28
152;3.861272922827778E7;79;28
153;3.861272922827778E7;79;28
154;3.8362808011816666E7;79;27
155;3.8362808011816666E7;79;27
156;3.8362808011816666E7;79;27
157;3.836280163611111E7;79;27
158;3.836280163611111E7;79;27
159;3.836280163611111E7;79;27
160;3.8362801054977775E7;79;27
161;3.8362801054977775E7;79;27
162;3.8362801054977775E7;79;27
163;3.8362801054977775E7;79;27
164;3.8362801054977775E7;79;27
165;3.8362801054977775E7;79;27
166;3.8362801054977775E7;79;27
167;3.8362801054977775E7;79;27
168;3.8362801054977775E7;79;27
169;3.8362801054977775E7;79;27
170;3.8362801054977775E7;79;27
171;3.8362801054977775E7;79;27
172;3.8362801054977775E7;79;27
173;3.8362801054977775E7;79;27
174;3.8362801054977775E7;79;27
175;3.8362801054977775E7;79;27
176;3.8362801054977775E7;79;27
177;3.8362801054977775E7;79;27
178;3.811284626918889E7;79;26
179;3.811284626918889E7;79;26
180;3.811284626918889E7;79;26
181;3.811284626918889E7;79;26
182;3.811284626918889E7;79;26
183;3.811284626918889E7;79;26
184;3.811284626918889E7;79;26
185;3.811284626918889E7;79;26
186;3.811284626918889E7;79;26
187;3.811284626918889E7;79;26
188;3.811284626918889E7;79;26
189;3.811284626918889E7;79;26
190;3.811284626918889E7;79;26
191;3.811284626918889E7;79;26
192;3.811284626918889E7;79;26
193;3.811284626918889E7;79;26
194;3.811284626918889E7;79;26
195;3.811284626918889E7;79;26
196;3.811284626918889E7;79;26
197;3.811284626918889E7;79;26
198;3.811284626918889E7;79;26
199;3.811284626918889E7;79;26
200;3.811284626918889E7;79;26
201;3.786290319636111E7;79;25
202;3.786290171233334E7;79;25
203;3.786289036173889E7;79;25
204;3.786289036173889E7;79;25
205;3.786288816195E7;79;25
206;3.786288816195E7;79;25
207;3.786288816195E7;79;25
208;3.786288816195E7;79;25
209;3.786288816195E7;79;25
210;3.786288816195E7;79;25
211;3.786288816195E7;79;25
212;3.786288816195E7;79;25
213;3.786288816195E7;79;25
214;3.786288816195E7;79;25
215;3.786288816195E7;79;25
216;3.786288816195E7;79;25
217;3.786288816195E7;79;25
218;3.786288816195E7;79;25
219;3.786288816195E7;79;25
220;3.786288816195E7;79;25
221;3.786288816195E7;79;25
222;3.786288816195E7;79;25
223;3.786288816195E7;79;25
224;3.786288816195E7;79;25
225;3.786288816195E7;79;25
226;3.786288816195E7;79;25
227;3.786288816195E7;79;25
228;3.786288816195E7;79;25
229;3.786288816195E7;79;25
230;3.786288816195E7;79;25
231;3.786288816195E7;79;25
232;3.786288816195E7;79;25
233;3.786288816195E7;79;25
234;3.786288816195E7;79;25
235;3.786288816195E7;79;25
236;3.786288816195E7;79;25
237;3.786288816195E7;79;25
238;3.786288816195E7;79;25
239;3.786288816195E7;79;25
240;3.786288816195E7;79;25
241;3.786288816195E7;79;25
242;3.786288816195E7;79;25
243;3.786288816195E7;79;25
244;3.786288816195E7;79;25
245;3.7612970400755554E7;79;24
246;3.761296428235556E7;79;24
247;3.7612961961116664E7;79;24
248;3.761293483900556E7;79;24
249;3.761293483900556E7;79;24
250;3.761293366613333E7;79;24
251;3.7612928954622224E7;79;24
252;3.7612928954622224E7;79;24
253;3.7612928954622224E7;79;24
254;3.7612928954622224E7;79;24
255;3.7612928954622224E7;79;24
256;3.7612928954622224E7;79;24
257;3.7612928954622224E7;79;24
258;3.7612928954622224E7;79;24
259;3.7612928954622224E7;79;24
260;3.7612928954622224E7;79;24
261;3.7612928954622224E7;79;24
262;3.7612928954622224E7;79;24
263;3.7612928954622224E7;79;24
264;3.7612928954622224E7;79;24
265;3.736296758720556E7;79;23
266;3.736296758720556E7;79;23
267;3.736296758720556E7;79;23
268;3.7362964020394444E7;79;23
269;3.7362964020394444E7;79;23
270;3.7362964020394444E7;79;23
271;3.7362964020394444E7;79;23
272;3.7362964020394444E7;79;23
273;3.7362964020394444E7;79;23
274;3.7362964020394444E7;79;23
275;3.7362964020394444E7;79;23
276;3.7362964020394444E7;79;23
277;3.7362964020394444E7;79;23
278;3.7362964020394444E7;79;23
279;3.7362964020394444E7;79;23
280;3.7362964020394444E7;79;23
281;3.7362964020394444E7;79;23
282;3.7362964020394444E7;79;23
283;3.7362964020394444E7;79;23
284;3.7362964020394444E7;79;23
285;3.7362964020394444E7;79;23
286;3.7362964020394444E7;79;23
287;3.7362964020394444E7;79;23
288;3.7362964020394444E7;79;23
289;3.7362964020394444E7;79;23
290;3.736295578492223E7;79;23
291;3.736295578492223E7;79;23
292;3.736295578492223E7;79;23
293;3.736295578492223E7;79;23
294;3.736295578492223E7;79;23
295;3.736295578492223E7;79;23
296;3.736295578492223E7;79;23
297;3.736295578492223E7;79;23
298;3.736295578492223E7;79;23
299;3.736295578492223E7;79;23
300;3.736294498732778E7;79;23
301;3.736294498732778E7;79;23
302;3.736294498732778E7;79;23
303;3.736294498732778E7;79;23
304;3.736294498732778E7;79;23
305;3.736294498732778E7;79;23
306;3.736294498732778E7;79;23
307;3.736294498732778E7;79;23
308;3.736294498732778E7;79;23
309;3.736294498732778E7;79;23
310;3.736294498732778E7;79;23
311;3.736294498732778E7;79;23
312;3.736294498732778E7;79;23
313;3.736294498732778E7;79;23
314;3.736294498732778E7;79;23
315;3.736294498732778E7;79;23
316;3.736294498732778E7;79;23
317;3.736294498732778E7;79;23
318;3.736294498732778E7;79;23
319;3.736294498732778E7;79;23
320;3.736294498732778E7;79;23
321;3.736294498732778E7;79;23
322;3.736294498732778E7;79;23
323;3.736294498732778E7;79;23
324;3.736294498732778E7;79;23
325;3.736294498732778E7;79;23
326;3.736294498732778E7;79;23
327;3.736294498732778E7;79;23
328;3.736294498732778E7;79;23
329;3.736294498732778E7;79;23
330;3.736294498732778E7;79;23
331;3.736294498732778E7;79;23
332;3.736294498732778E7;79;23
333;3.736294498732778E7;79;23
334;3.736294498732778E7;79;23
335;3.736294498732778E7;79;23
336;3.736294498732778E7;79;23
337;3.736294498732778E7;79;23
338;3.736294498732778E7;79;23
339;3.736294498732778E7;79;23
340;3.736294498732778E7;79;23
341;3.736294498732778E7;79;23
342;3.711298863960555E7;79;22
343;3.711298805894445E7;79;22
344;3.711298377136666E7;79;22
345;3.7112976052666664E7;79;22
346;3.711297268745556E7;79;22
347;3.7112968403400004E7;79;22
348;3.7112968403400004E7;79;22
349;3.7112968403400004E7;79;22
350;3.7112968403400004E7;79;22
351;3.7112968403400004E7;79;22
352;3.7112968403400004E7;79;22
353;3.7112968403400004E7;79;22
354;3.7112968403400004E7;79;22
355;3.711296696729445E7;79;22
356;3.711295937267778E7;79;22
357;3.711295937267778E7;79;22
358;3.711295937267778E7;79;22
359;3.711295937267778E7;79;22
360;3.711295937267778E7;79;22
361;3.711295937267778E7;79;22
362;3.711295937267778E7;79;22
363;3.711295937267778E7;79;22
364;3.711295937267778E7;79;22
365;3.711295937267778E7;79;22
366;3.711295937267778E7;79;22
367;3.711295937267778E7;79;22
368;3.711295937267778E7;79;22
369;3.711295937267778E7;79;22
370;3.711295937267778E7;79;22
371;3.711295937267778E7;79;22
372;3.711295937267778E7;79;22
373;3.711295937267778E7;79;22
374;3.711295937267778E7;79;22
375;3.711295937267778E7;79;22
376;3.711295937267778E7;79;22
377;3.711295937267778E7;79;22
378;3.711295937267778E7;79;22
379;3.711295937267778E7;79;22
380;3.711295937267778E7;79;22
381;3.711295937267778E7;79;22
382;3.711295937267778E7;79;22
383;3.711295937267778E7;79;22
384;3.711295937267778E7;79;22
385;3.711295937267778E7;79;22
386;3.711295937267778E7;79;22
387;3.711295937267778E7;79;22
388;3.711295937267778E7;79;22
389;3.711295937267778E7;79;22
390;3.711295937267778E7;79;22
391;3.711295937267778E7;79;22
392;3.711295937267778E7;79;22
393;3.711295937267778E7;79;22
394;3.711295937267778E7;79;22
395;3.711295937267778E7;79;22
396;3.711295937267778E7;79;22
397;3.711295937267778E7;79;22
398;3.711295937267778E7;79;22
399;3.711295937267778E7;79;22
400;3.711295937267778E7;79;22
401;3.711295937267778E7;79;22
402;3.711295937267778E7;79;22
403;3.711295937267778E7;79;22
404;3.711295937267778E7;79;22
405;3.711295937267778E7;79;22
406;3.711295937267778E7;79;22
407;3.711295937267778E7;79;22
408;3.711295937267778E7;79;22
409;3.711295937267778E7;79;22
410;3.711295937267778E7;79;22
411;3.711295937267778E7;79;22
412;3.711295937267778E7;79;22
413;3.711295937267778E7;79;22
414;3.711295937267778E7;79;22
415;3.711295937267778E7;79;22
416;3.711295937267778E7;79;22
417;3.711295937267778E7;79;22
418;3.711295937267778E7;79;22
419;3.711295937267778E7;79;22
420;3.711295937267778E7;79;22
421;3.711295937267778E7;79;22
422;3.711295937267778E7;79;22
423;3.711295937267778E7;79;22
424;3.711295937267778E7;79;22
425;3.711295937267778E7;79;22
426;3.711295937267778E7;79;22
427;3.711295937267778E7;79;22
428;3.711295937267778E7;79;22
429;3.711295937267778E7;79;22
430;3.711295937267778E7;79;22
431;3.711295937267778E7;79;22
432;3.711295937267778E7;79;22
433;3.711295937267778E7;79;22
434;3.711295937267778E7;79;22
435;3.711295937267778E7;79;22
436;3.711295937267778E7;79;22
437;3.711295937267778E7;79;22
438;3.711295937267778E7;79;22
439;3.711295937267778E7;79;22
440;3.711295937267778E7;79;22
441;3.711295937267778E7;79;22
442;3.711295937267778E7;79;22
443;3.711295937267778E7;79;22
444;3.711295937267778E7;79;22
445;3.711295937267778E7;79;22
446;3.711295937267778E7;79;22
447;3.711295937267778E7;79;22
448;3.711295937267778E7;79;22
449;3.711295937267778E7;79;22
450;3.711295937267778E7;79;22
451;3.711295937267778E7;79;22
452;3.711295937267778E7;79;22
453;3.711295937267778E7;79;22
454;3.711295937267778E7;79;22
455;3.711295937267778E7;79;22
456;3.711295937267778E7;79;22
457;3.711295937267778E7;79;22
458;3.711295937267778E7;79;22
459;3.711295937267778E7;79;22
460;3.711295937267778E7;79;22
461;3.711295937267778E7;79;22
462;3.711295937267778E7;79;22
463;3.711295937267778E7;79;22
464;3.711295937267778E7;79;22
465;3.711295937267778E7;79;22
466;3.711295937267778E7;79;22
467;3.711295937267778E7;79;22
468;3.711295937267778E7;79;22
469;3.711295937267778E7;79;22
470;3.711295937267778E7;79;22
471;3.711295937267778E7;79;22
472;3.711295937267778E7;79;22
473;3.711295937267778E7;79;22
474;3.711295937267778E7;79;22
475;3.711295937267778E7;79;22
476;3.711295937267778E7;79;22
477;3.711295937267778E7;79;22
478;3.711295937267778E7;79;22
479;3.711295937267778E7;79;22
480;3.711295937267778E7;79;22
481;3.711295937267778E7;79;22
482;3.711295937267778E7;79;22
483;3.711295937267778E7;79;22
484;3.711295937267778E7;79;22
485;3.711295937267778E7;79;22
486;3.711295937267778E7;79;22
487;3.711295937267778E7;79;22
488;3.711295937267778E7;79;22
489;3.711295937267778E7;79;22
490;3.711295937267778E7;79;22
491;3.711295937267778E7;79;22
492;3.711295937267778E7;79;22
493;3.711295937267778E7;79;22
494;3.711295937267778E7;79;22
495;3.711295937267778E7;79;22
496;3.711295937267778E7;79;22
497;3.711295937267778E7;79;22
498;3.711295937267778E7;79;22
499;3.711295937267778E7;79;22
500;3.711295937267778E7;79;22
501;3.711295937267778E7;79;22
502;3.711295937267778E7;79;22
503;3.711295937267778E7;79;22
504;3.711295937267778E7;79;22
505;3.711295937267778E7;79;22
506;3.711295937267778E7;79;22
507;3.686309611288889E7;79;21
508;3.686309611288889E7;79;21
509;3.686309611288889E7;79;21
510;3.68630929736E7;79;21
511;3.686308365861666E7;79;21
512;3.686307225384444E7;79;21
513;3.686307225384444E7;79;21
514;3.686307225384444E7;79;21
515;3.686307225384444E7;79;21
516;3.686307225384444E7;79;21
517;3.686307225384444E7;79;21
518;3.686307225384444E7;79;21
519;3.686307225384444E7;79;21
520;3.686307225384444E7;79;21
521;3.686307225384444E7;79;21
522;3.686307225384444E7;79;21
523;3.686307225384444E7;79;21
524;3.686307225384444E7;79;21
525;3.686307225384444E7;79;21
526;3.686307225384444E7;79;21
527;3.686307225384444E7;79;21
528;3.686307225384444E7;79;21
529;3.686307225384444E7;79;21
530;3.686307225384444E7;79;21
531;3.686307225384444E7;79;21
532;3.6463067819416665E7;78;21
533;3.646306385992222E7;78;21
534;3.646306385992222E7;78;21
535;3.646306385992222E7;78;21
536;3.646306385992222E7;78;21
537;3.646306385992222E7;78;21
538;3.646305982806666E7;78;21
539;3.64630512114E7;78;21
540;3.646304472747222E7;78;21
541;3.646304100207222E7;78;21
542;3.6463038640661106E7;78;21
543;3.646303001600555E7;78;21
544;3.646303001600555E7;78;21
545;3.646303001600555E7;78;21
546;3.646303001600555E7;78;21
547;3.6463025182127774E7;78;21
548;3.6463025182127774E7;78;21
549;3.6213030344005555E7;78;20
550;3.6213030344005555E7;78;20
551;3.6213030344005555E7;78;20
552;3.6213030344005555E7;78;20
553;3.6213030344005555E7;78;20
554;3.6213030344005555E7;78;20
555;3.6213030344005555E7;78;20
556;3.6213030344005555E7;78;20
557;3.6213030344005555E7;78;20
558;3.6213030344005555E7;78;20
559;3.6213030344005555E7;78;20
560;3.6213030344005555E7;78;20
561;3.6213030344005555E7;78;20
562;3.6213030344005555E7;78;20
563;3.6213030344005555E7;78;20
564;3.6213030344005555E7;78;20
565;3.6213030344005555E7;78;20
566;3.6213030344005555E7;78;20
567;3.6213030344005555E7;78;20
568;3.6213030344005555E7;78;20
569;3.6213030344005555E7;78;20
570;3.6213030344005555E7;78;20
571;3.6213030344005555E7;78;20
572;3.6213030344005555E7;78;20
573;3.6213030344005555E7;78;20
574;3.6213030344005555E7;78;20
575;3.6213030344005555E7;78;20
576;3.6213030344005555E7;78;20
577;3.6213030344005555E7;78;20
578;3.6213030344005555E7;78;20
579;3.6213030344005555E7;78;20
580;3.6213030344005555E7;78;20
581;3.6213030344005555E7;78;20
582;3.6213030344005555E7;78;20
583;3.6213030344005555E7;78;20
584;3.6213030344005555E7;78;20
585;3.6213030344005555E7;78;20
586;3.6213030344005555E7;78;20
587;3.6213030344005555E7;78;20
588;3.6213030344005555E7;78;20
589;3.6213030344005555E7;78;20
590;3.6213030344005555E7;78;20
591;3.6213030344005555E7;78;20
592;3.6213030344005555E7;78;20
593;3.6213030344005555E7;78;20
594;3.6213030344005555E7;78;20
595;3.6213030344005555E7;78;20
596;3.6213030344005555E7;78;20
597;3.6213030344005555E7;78;20
598;3.6213030344005555E7;78;20
599;3.6213030344005555E7;78;20
600;3.6213030344005555E7;78;20
601;3.6213030344005555E7;78;20
602;3.6213030344005555E7;78;20
603;3.6213030344005555E7;78;20
604;3.6213030344005555E7;78;20
605;3.6213030344005555E7;78;20
606;3.6213030344005555E7;78;20
607;3.6213030344005555E7;78;20
608;3.6213030344005555E7;78;20
609;3.6213030344005555E7;78;20
610;3.6213030344005555E7;78;20
611;3.6213030344005555E7;78;20
612;3.6213030344005555E7;78;20
613;3.6213030344005555E7;78;20
614;3.6213030344005555E7;78;20
615;3.6213030344005555E7;78;20
616;3.6213030344005555E7;78;20
617;3.6213030344005555E7;78;20
618;3.6213030344005555E7;78;20
619;3.6213030344005555E7;78;20
620;3.6213030344005555E7;78;20
621;3.6213030344005555E7;78;20
622;3.6213030344005555E7;78;20
623;3.6213030344005555E7;78;20
624;3.6213030344005555E7;78;20
625;3.6213030344005555E7;78;20
626;3.6213030344005555E7;78;20
627;3.6213030344005555E7;78;20
628;3.6213030344005555E7;78;20
629;3.6213030344005555E7;78;20
630;3.6213030344005555E7;78;20
631;3.6213030344005555E7;78;20
632;3.6213030344005555E7;78;20
633;3.6213030344005555E7;78;20
634;3.6213030344005555E7;78;20
635;3.6213030344005555E7;78;20
636;3.6213030344005555E7;78;20
637;3.6213030344005555E7;78;20
638;3.6213030344005555E7;78;20
639;3.6213030344005555E7;78;20
640;3.6213030344005555E7;78;20
641;3.6213030344005555E7;78;20
642;3.6213030344005555E7;78;20
643;3.621303014362222E7;78;20
644;3.621303014362222E7;78;20
645;3.621303014362222E7;78;20
646;3.621303014362222E7;78;20
647;3.621303014362222E7;78;20
648;3.621303014362222E7;78;20
649;3.621303014362222E7;78;20
650;3.621303014362222E7;78;20
651;3.621303014362222E7;78;20
652;3.621303014362222E7;78;20
653;3.621303014362222E7;78;20
654;3.621303014362222E7;78;20
655;3.621303014362222E7;78;20
656;3.621303014362222E7;78;20
657;3.621303014362222E7;78;20
658;3.621303014362222E7;78;20
659;3.621303014362222E7;78;20
660;3.621303014362222E7;78;20
661;3.6213028092366666E7;78;20
662;3.621301737411667E7;78;20
663;3.621301737411667E7;78;20
664;3.621301737411667E7;78;20
665;3.621301737411667E7;78;20
666;3.621301737411667E7;78;20
667;3.621301737411667E7;78;20
668;3.621301737411667E7;78;20
669;3.621301737411667E7;78;20
670;3.621301737411667E7;78;20
671;3.621301737411667E7;78;20
672;3.621301737411667E7;78;20
673;3.621301737411667E7;78;20
674;3.621301737411667E7;78;20
675;3.621301737411667E7;78;20
676;3.621301737411667E7;78;20
677;3.621301737411667E7;78;20
678;3.621301737411667E7;78;20
679;3.621301737411667E7;78;20
680;3.621301737411667E7;78;20
681;3.621301737411667E7;78;20
682;3.621301737411667E7;78;20
683;3.621301737411667E7;78;20
684;3.621301737411667E7;78;20
685;3.621301737411667E7;78;20
686;3.621301737411667E7;78;20
687;3.621301737411667E7;78;20
688;3.621301737411667E7;78;20
689;3.621301737411667E7;78;20
690;3.621301737411667E7;78;20
691;3.621301737411667E7;78;20
692;3.621301737411667E7;78;20
693;3.621301737411667E7;78;20
694;3.621301737411667E7;78;20
695;3.621301737411667E7;78;20
696;3.621301737411667E7;78;20
697;3.621301737411667E7;78;20
698;3.621301737411667E7;78;20
699;3.621301737411667E7;78;20
700;3.621301737411667E7;78;20
701;3.621301737411667E7;78;20
702;3.621301737411667E7;78;20
703;3.621301737411667E7;78;20
704;3.621301737411667E7;78;20
705;3.621301737411667E7;78;20
706;3.621301737411667E7;78;20
707;3.621301737411667E7;78;20
708;3.621301737411667E7;78;20
709;3.621301737411667E7;78;20
710;3.621301737411667E7;78;20
711;3.621301737411667E7;78;20
712;3.621301737411667E7;78;20
713;3.621301737411667E7;78;20
714;3.621301737411667E7;78;20
715;3.621301737411667E7;78;20
716;3.621301737411667E7;78;20
717;3.621301737411667E7;78;20
718;3.621301737411667E7;78;20
719;3.621301737411667E7;78;20
720;3.621301737411667E7;78;20
721;3.621301737411667E7;78;20
722;3.621301737411667E7;78;20
723;3.621301737411667E7;78;20
724;3.621301737411667E7;78;20
725;3.621301737411667E7;78;20
726;3.621301737411667E7;78;20
727;3.621301737411667E7;78;20
728;3.621301737411667E7;78;20
729;3.621301737411667E7;78;20
730;3.621301737411667E7;78;20
731;3.621301737411667E7;78;20
732;3.621301737411667E7;78;20
733;3.621301737411667E7;78;20
734;3.621301737411667E7;78;20
735;3.621301737411667E7;78;20
736;3.596306062003334E7;78;19
737;3.596306061703334E7;78;19
738;3.596305562252778E7;78;19
739;3.596305562252778E7;78;19
740;3.596305562252778E7;78;19
741;3.596305562252778E7;78;19
742;3.596305562252778E7;78;19
743;3.596305562252778E7;78;19
744;3.596305562252778E7;78;19
745;3.596305562252778E7;78;19
746;3.596305562252778E7;78;19
747;3.596305562252778E7;78;19
748;3.571306792712778E7;78;18
749;3.5713066102127776E7;78;18
750;3.571306250977778E7;78;18
751;3.571306250977778E7;78;18
752;3.571306250977778E7;78;18
753;3.5313071566694446E7;77;18
754;3.5313071566694446E7;77;18
755;3.5313071566694446E7;77;18
756;3.5313071059E7;77;18
757;3.531306701205555E7;77;18
758;3.531306653926111E7;77;18
759;3.5313066394605555E7;77;18
760;3.5313066394605555E7;77;18
761;3.531306340168889E7;77;18
762;3.531306340168889E7;77;18
763;3.531306340168889E7;77;18
764;3.5313055615266666E7;77;18
765;3.5313055615266666E7;77;18
766;3.531305292400555E7;77;18
767;3.531305292400555E7;77;18
768;3.531305292400555E7;77;18
769;3.531305292400555E7;77;18
770;3.531305292400555E7;77;18
771;3.531305292400555E7;77;18
772;3.531305292400555E7;77;18
773;3.531305292400555E7;77;18
774;3.531305292400555E7;77;18
775;3.531305292400555E7;77;18
776;3.531305292400555E7;77;18
777;3.531305292400555E7;77;18
778;3.531305292400555E7;77;18
779;3.531305292400555E7;77;18
780;3.531305292400555E7;77;18
781;3.531305292400555E7;77;18
782;3.531305292400555E7;77;18
783;3.531305292400555E7;77;18
784;3.531305292400555E7;77;18
785;3.531305292400555E7;77;18
786;3.531305292400555E7;77;18
787;3.531305292400555E7;77;18
788;3.531305292400555E7;77;18
789;3.531305292400555E7;77;18
790;3.531305292400555E7;77;18
791;3.531305292400555E7;77;18
792;3.531305292400555E7;77;18
793;3.531305292400555E7;77;18
794;3.531305292400555E7;77;18
795;3.531305292400555E7;77;18
796;3.531305292400555E7;77;18
797;3.531305292400555E7;77;18
798;3.531305292400555E7;77;18
799;3.531305292400555E7;77;18
800;3.531305292400555E7;77;18
801;3.531305292400555E7;77;18
802;3.531305292400555E7;77;18
803;3.531305292400555E7;77;18
804;3.531305292400555E7;77;18
805;3.531305292400555E7;77;18
806;3.531305292400555E7;77;18
807;3.506308009398334E7;77;17
808;3.506308009398334E7;77;17
809;3.506308009398334E7;77;17
810;3.506308009398334E7;77;17
811;3.506308009398334E7;77;17
812;3.506308009398334E7;77;17
813;3.506308009398334E7;77;17
814;3.506308009398334E7;77;17
815;3.506308009398334E7;77;17
816;3.506308009398334E7;77;17
817;3.506308009398334E7;77;17
818;3.506308009398334E7;77;17
819;3.506308009398334E7;77;17
820;3.506308009398334E7;77;17
821;3.506308009398334E7;77;17
822;3.506308009398334E7;77;17
823;3.506308009398334E7;77;17
824;3.506308009398334E7;77;17
825;3.506308009398334E7;77;17
826;3.506308009398334E7;77;17
827;3.506308009398334E7;77;17
828;3.506308009398334E7;77;17
829;3.506308009398334E7;77;17
830;3.506308009398334E7;77;17
831;3.506308009398334E7;77;17
832;3.506308009398334E7;77;17
833;3.506308009398334E7;77;17
834;3.506308009398334E7;77;17
835;3.506308009398334E7;77;17
836;3.506308009398334E7;77;17
837;3.506308009398334E7;77;17
838;3.506308009398334E7;77;17
839;3.506308009398334E7;77;17
840;3.506308009398334E7;77;17
841;3.506308009398334E7;77;17
842;3.506308009398334E7;77;17
843;3.506308009398334E7;77;17
844;3.506308009398334E7;77;17
845;3.506308009398334E7;77;17
846;3.506308009398334E7;77;17
847;3.506308009398334E7;77;17
848;3.506308009398334E7;77;17
849;3.506308009398334E7;77;17
850;3.506308009398334E7;77;17
851;3.506308009398334E7;77;17
852;3.506308009398334E7;77;17
853;3.506308009398334E7;77;17
854;3.506308009398334E7;77;17
855;3.506308009398334E7;77;17
856;3.506308009398334E7;77;17
857;3.506308009398334E7;77;17
858;3.506308009398334E7;77;17
859;3.506308009398334E7;77;17
860;3.506308009398334E7;77;17
861;3.506308009398334E7;77;17
862;3.4813161815177776E7;77;16
863;3.4813161815177776E7;77;16
864;3.4813161815177776E7;77;16
865;3.4813157027777776E7;77;16
866;3.4813157027777776E7;77;16
867;3.4813157027777776E7;77;16
868;3.4813157027777776E7;77;16
869;3.4813157027777776E7;77;16
870;3.4813157027777776E7;77;16
871;3.4813157027777776E7;77;16
872;3.4813157027777776E7;77;16
873;3.4813157027777776E7;77;16
874;3.4813157027777776E7;77;16
875;3.4813157027777776E7;77;16
876;3.48131507686E7;77;16
877;3.481314345024444E7;77;16
878;3.481314345024444E7;77;16
879;3.481314345024444E7;77;16
880;3.481314104254444E7;77;16
881;3.481314104254444E7;77;16
882;3.481314070711111E7;77;16
883;3.481313952917222E7;77;16
884;3.481313952917222E7;77;16
885;3.4813134113977775E7;77;16
886;3.4813123680644445E7;77;16
887;3.481312089155E7;77;16
888;3.481311929670556E7;77;16
889;3.481311929670556E7;77;16
890;3.481311429620555E7;77;16
891;3.481311263221111E7;77;16
892;3.481311263221111E7;77;16
893;3.481311263221111E7;77;16
894;3.481311263221111E7;77;16
895;3.481311263221111E7;77;16
896;3.481311263221111E7;77;16
897;3.481311263221111E7;77;16
898;3.481311263221111E7;77;16
899;3.481311263221111E7;77;16
900;3.481311263221111E7;77;16
901;3.481311263221111E7;77;16
902;3.481311263221111E7;77;16
903;3.481311263221111E7;77;16
904;3.481311263221111E7;77;16
905;3.481311263221111E7;77;16
906;3.481311263221111E7;77;16
907;3.481311263221111E7;77;16
908;3.481311263221111E7;77;16
909;3.481311263221111E7;77;16
910;3.481311263221111E7;77;16
911;3.481311263221111E7;77;16
912;3.481311263221111E7;77;16
913;3.481311263221111E7;77;16
914;3.481311263221111E7;77;16
915;3.481311263221111E7;77;16
916;3.481311263221111E7;77;16
917;3.481311263221111E7;77;16
918;3.481311263221111E7;77;16
919;3.481311263221111E7;77;16
920;3.481311263221111E7;77;16
921;3.481311263221111E7;77;16
922;3.481311263221111E7;77;16
923;3.481311263221111E7;77;16
924;3.481311263221111E7;77;16
925;3.481311263221111E7;77;16
926;3.481311263221111E7;77;16
927;3.481311263221111E7;77;16
928;3.481311263221111E7;77;16
929;3.481311263221111E7;77;16
930;3.481311263221111E7;77;16
931;3.481311263221111E7;77;16
932;3.481311263221111E7;77;16
933;3.481311263221111E7;77;16
934;3.481311263221111E7;77;16
935;3.481311263221111E7;77;16
936;3.481311263221111E7;77;16
937;3.481311263221111E7;77;16
938;3.481311263221111E7;77;16
939;3.481311263221111E7;77;16
940;3.481311263221111E7;77;16
941;3.481311263221111E7;77;16
942;3.481311263221111E7;77;16
943;3.481311263221111E7;77;16
944;3.481311263221111E7;77;16
945;3.481311263221111E7;77;16
946;3.481311263221111E7;77;16
947;3.481311263221111E7;77;16
948;3.481311263221111E7;77;16
949;3.481311263221111E7;77;16
950;3.481311263221111E7;77;16
951;3.481311263221111E7;77;16
952;3.481311263221111E7;77;16
953;3.481311263221111E7;77;16
954;3.481311263221111E7;77;16
955;3.481311263221111E7;77;16
956;3.481311263221111E7;77;16
957;3.481311263221111E7;77;16
958;3.481311263221111E7;77;16
959;3.481311263221111E7;77;16
960;3.481311263221111E7;77;16
961;3.481311263221111E7;77;16
962;3.481311263221111E7;77;16
963;3.481311263221111E7;77;16
964;3.481311263221111E7;77;16
965;3.481311263221111E7;77;16
966;3.481311263221111E7;77;16
967;3.481311263221111E7;77;16
968;3.481311263221111E7;77;16
969;3.481311263221111E7;77;16
970;3.481311263221111E7;77;16
971;3.481311263221111E7;77;16
972;3.481311263221111E7;77;16
973;3.481311263221111E7;77;16
974;3.481311263221111E7;77;16
975;3.481311263221111E7;77;16
976;3.481311263221111E7;77;16
977;3.481311263221111E7;77;16
978;3.481311263221111E7;77;16
979;3.481311263221111E7;77;16
980;3.481311263221111E7;77;16
981;3.481311263221111E7;77;16
982;3.481311263221111E7;77;16
983;3.481311263221111E7;77;16
984;3.4813108722044446E7;77;16
985;3.4813108722044446E7;77;16
986;3.4813108722044446E7;77;16
987;3.4813108722044446E7;77;16
988;3.4813108722044446E7;77;16
989;3.4813108722044446E7;77;16
990;3.4813108722044446E7;77;16
991;3.4813108722044446E7;77;16
992;3.4813108722044446E7;77;16
993;3.4813108722044446E7;77;16
994;3.4813108722044446E7;77;16
995;3.4813108722044446E7;77;16
996;3.4813108722044446E7;77;16
997;3.4813108722044446E7;77;16
998;3.4813108722044446E7;77;16
999;3.4813108722044446E7;77;16
