*;;;;;;;;;;
* Ergebnis;;;;;;;;;;
*;;;;;;;;;;
Ergebnis: Iteration; Kosten
0;4.2112355987399995E7
1;4.18623710661E7
2;4.186236498583889E7
3;4.1862364969844446E7
4;4.1862364969844446E7
5;4.1862364969844446E7
6;4.1862364969844446E7
7;4.1862364969844446E7
8;4.1862364969844446E7
9;4.1862364969844446E7
10;4.1862364969844446E7
11;4.161241043638889E7
12;4.161240862726111E7
13;4.161240862726111E7
14;4.161240862726111E7
15;4.161240862726111E7
16;4.161240862726111E7
17;4.161240862726111E7
18;4.161240862726111E7
19;4.161240862726111E7
20;4.136247920931666E7
21;4.136247852585E7
22;4.1362472452E7
23;4.1112480461050004E7
24;4.0862495797244444E7
25;4.0862495797244444E7
26;4.0862495797244444E7
27;4.0862495797244444E7
28;4.0862495797244444E7
29;4.0862495797244444E7
30;4.061252655213334E7
31;4.061252655213334E7
32;4.036252520859445E7
33;4.036252520859445E7
34;4.036252520859445E7
35;4.036252520859445E7
36;4.036252520859445E7
37;4.036252520859445E7
38;4.036252520859445E7
39;3.986257243083889E7
40;3.986257243083889E7
41;3.986257243083889E7
42;3.961258933105555E7
43;3.961258933105555E7
44;3.961258933105555E7
45;3.961258933105555E7
46;3.961258933105555E7
47;3.961258933105555E7
48;3.961258933105555E7
49;3.961258933105555E7
50;3.961258933105555E7
51;3.961258933105555E7
52;3.961258933105555E7
53;3.961258933105555E7
54;3.961258933105555E7
55;3.961258933105555E7
56;3.961258933105555E7
57;3.961258933105555E7
58;3.961258933105555E7
59;3.961258933105555E7
60;3.961258933105555E7
61;3.961258933105555E7
62;3.961258933105555E7
63;3.961258933105555E7
64;3.961258933105555E7
65;3.961258933105555E7
66;3.961258933105555E7
67;3.961258933105555E7
68;3.961258933105555E7
69;3.961258933105555E7
70;3.961258933105555E7
71;3.961258933105555E7
72;3.961258933105555E7
73;3.961258933105555E7
74;3.961258933105555E7
75;3.961258933105555E7
76;3.961258933105555E7
77;3.961258933105555E7
78;3.961258933105555E7
79;3.961258933105555E7
80;3.961258933105555E7
81;3.961258933105555E7
82;3.961258933105555E7
83;3.961258933105555E7
84;3.961258933105555E7
85;3.961258933105555E7
86;3.961258933105555E7
87;3.961258933105555E7
88;3.961258933105555E7
89;3.961258933105555E7
90;3.961258933105555E7
91;3.961258933105555E7
92;3.961258933105555E7
93;3.961258933105555E7
94;3.961258933105555E7
95;3.961258933105555E7
96;3.961258933105555E7
97;3.961258933105555E7
98;3.961258933105555E7
99;3.961258933105555E7
100;3.961258933105555E7
101;3.961258933105555E7
102;3.961258933105555E7
103;3.961258933105555E7
104;3.961258933105555E7
105;3.936276370727222E7
106;3.9112769488861114E7
107;3.9112769488861114E7
108;3.9112769488861114E7
109;3.9112769488861114E7
110;3.9112769488861114E7
111;3.9112769488861114E7
112;3.9112769488861114E7
113;3.9112769488861114E7
114;3.8862786531561114E7
115;3.8862786531561114E7
116;3.8862786531561114E7
117;3.8862786531561114E7
118;3.8862786531561114E7
119;3.8862786531561114E7
120;3.8862786531561114E7
121;3.8862786531561114E7
122;3.8862786531561114E7
123;3.8862786531561114E7
124;3.8862786531561114E7
125;3.8862786531561114E7
126;3.8862786531561114E7
127;3.8862786531561114E7
128;3.8862786531561114E7
129;3.8862786531561114E7
130;3.8862786531561114E7
131;3.8862786531561114E7
132;3.8862786531561114E7
133;3.86128656521E7
134;3.86128656521E7
135;3.86128656521E7
136;3.86128656521E7
137;3.86128656521E7
138;3.86128656521E7
139;3.86128656521E7
140;3.86128656521E7
141;3.86128656521E7
142;3.861286424503333E7
143;3.861286424503333E7
144;3.861286424503333E7
145;3.861286424503333E7
146;3.861286424503333E7
147;3.861286424503333E7
148;3.836289643689445E7
149;3.836288896352778E7
150;3.836288896352778E7
151;3.836288896352778E7
152;3.836288896352778E7
153;3.836288896352778E7
154;3.836288896352778E7
155;3.836288896352778E7
156;3.836288896352778E7
157;3.836288896352778E7
158;3.836288896352778E7
159;3.836288896352778E7
160;3.836288896352778E7
161;3.836288613697778E7
162;3.836288613697778E7
163;3.836288613697778E7
164;3.836288613697778E7
165;3.836288613697778E7
166;3.836288613697778E7
167;3.836288613697778E7
168;3.836288613697778E7
169;3.836288439755E7
170;3.8362866553005554E7
171;3.836286463155E7
172;3.836286463155E7
173;3.836286463155E7
174;3.836286463155E7
175;3.836286463155E7
176;3.836286463155E7
177;3.836286463155E7
178;3.836286463155E7
179;3.836286463155E7
180;3.836286463155E7
181;3.836286463155E7
182;3.836286463155E7
183;3.836286463155E7
184;3.836286463155E7
185;3.836286463155E7
186;3.836286463155E7
187;3.836286463155E7
188;3.836286463155E7
189;3.8112895003916666E7
190;3.8112895003916666E7
191;3.8112895003916666E7
192;3.8112895003916666E7
193;3.8112895003916666E7
194;3.786290290053889E7
195;3.786290056468889E7
196;3.786290056468889E7
197;3.786288684792778E7
198;3.78628856496E7
199;3.7862880161416665E7
200;3.7862880161416665E7
201;3.7862880161416665E7
202;3.7862880161416665E7
203;3.7862880161416665E7
204;3.7862880161416665E7
205;3.7862880161416665E7
206;3.7862880161416665E7
207;3.7862880161416665E7
208;3.786287686323333E7
209;3.786287686323333E7
210;3.786287686323333E7
211;3.786287134867778E7
212;3.786287134867778E7
213;3.786287134867778E7
214;3.786287134867778E7
215;3.786287134867778E7
216;3.786287134867778E7
217;3.786287134867778E7
218;3.786287134867778E7
219;3.786287134867778E7
220;3.786287134867778E7
221;3.786287134867778E7
222;3.786287134867778E7
223;3.786287134867778E7
224;3.786287134867778E7
225;3.786287134867778E7
226;3.786287134867778E7
227;3.786287134867778E7
228;3.786287134867778E7
229;3.786287134867778E7
230;3.786287134867778E7
231;3.786287134867778E7
232;3.786287134867778E7
233;3.786287134867778E7
234;3.786287134867778E7
235;3.786287134867778E7
236;3.786287134867778E7
237;3.786287134867778E7
238;3.786287134867778E7
239;3.786287134867778E7
240;3.786287134867778E7
241;3.786287134867778E7
242;3.786287134867778E7
243;3.786287134867778E7
244;3.786287134867778E7
245;3.761292776495556E7
246;3.761292742547222E7
247;3.761292504803889E7
248;3.761292504803889E7
249;3.761292504803889E7
250;3.761292504803889E7
251;3.761292092812222E7
252;3.761291481521667E7
253;3.761290716467778E7
254;3.761290391991667E7
255;3.761289654867778E7
256;3.761289654867778E7
257;3.761289654867778E7
258;3.761289654867778E7
259;3.761289654867778E7
260;3.761289654867778E7
261;3.761289654867778E7
262;3.761289654867778E7
263;3.761289654867778E7
264;3.761289654867778E7
265;3.761289654867778E7
266;3.761289654867778E7
267;3.761289654867778E7
268;3.761289654867778E7
269;3.761289654867778E7
270;3.761289654867778E7
271;3.761289654867778E7
272;3.761289654867778E7
273;3.761289654867778E7
274;3.761289654867778E7
275;3.761289654867778E7
276;3.761289654867778E7
277;3.761289654867778E7
278;3.761289654867778E7
279;3.761289654867778E7
280;3.761289654867778E7
281;3.761289654867778E7
282;3.761289654867778E7
283;3.761289654867778E7
284;3.761289654867778E7
285;3.761289654867778E7
286;3.7362940126322225E7
287;3.7362940126322225E7
288;3.7362940126322225E7
289;3.7362940126322225E7
290;3.7362940126322225E7
291;3.7362940126322225E7
292;3.7362940126322225E7
293;3.7362940126322225E7
294;3.7362940126322225E7
295;3.7362940126322225E7
296;3.7362940126322225E7
297;3.7362940126322225E7
298;3.7362940126322225E7
299;3.7362940126322225E7
300;3.7362940126322225E7
301;3.7362940126322225E7
302;3.7362940126322225E7
303;3.7362940126322225E7
304;3.7362940126322225E7
305;3.7362940126322225E7
306;3.7362940126322225E7
307;3.7362940126322225E7
308;3.7362940126322225E7
309;3.7362940126322225E7
310;3.7362940126322225E7
311;3.7362940126322225E7
312;3.7362940126322225E7
313;3.7362940126322225E7
314;3.711298397277222E7
315;3.711298397277222E7
316;3.711298397277222E7
317;3.711298397277222E7
318;3.711298397277222E7
319;3.711298397277222E7
320;3.711298397277222E7
321;3.711298397277222E7
322;3.711298397277222E7
323;3.711298397277222E7
324;3.711298397277222E7
325;3.711298397277222E7
326;3.711298397277222E7
327;3.6863023101955555E7
328;3.6863023101955555E7
329;3.686302006928333E7
330;3.686302006928333E7
331;3.686302006928333E7
332;3.686302006928333E7
333;3.686302006928333E7
334;3.686302006928333E7
335;3.686302006928333E7
336;3.686302006928333E7
337;3.686302006928333E7
338;3.686302006928333E7
339;3.686302006928333E7
340;3.686302006928333E7
341;3.686302006928333E7
342;3.686302006928333E7
343;3.686302006928333E7
344;3.686302006928333E7
345;3.686302006928333E7
346;3.686302006928333E7
347;3.686302006928333E7
348;3.686302006928333E7
349;3.686302006928333E7
350;3.686302006928333E7
351;3.686302006928333E7
352;3.686302006928333E7
353;3.686302006928333E7
354;3.686302006928333E7
355;3.686302006928333E7
356;3.686302006928333E7
357;3.686302006928333E7
358;3.686302006928333E7
359;3.686302006928333E7
360;3.686302006928333E7
361;3.686302006928333E7
362;3.686302006928333E7
363;3.686302006928333E7
364;3.686302006928333E7
365;3.686302006928333E7
366;3.686302006928333E7
367;3.686302006928333E7
368;3.686302006928333E7
369;3.686302006928333E7
370;3.686302006928333E7
371;3.686302006928333E7
372;3.686302006928333E7
373;3.686302006928333E7
374;3.686302006928333E7
375;3.686302006928333E7
376;3.686302006928333E7
377;3.686302006928333E7
378;3.686302006928333E7
379;3.686302006928333E7
380;3.686302006928333E7
381;3.686302006928333E7
382;3.686302006928333E7
383;3.686302006928333E7
384;3.686302006928333E7
385;3.686302006928333E7
386;3.686302006928333E7
387;3.686302006928333E7
388;3.686302006928333E7
389;3.686302006928333E7
390;3.686302006928333E7
391;3.686302006928333E7
392;3.686302006928333E7
393;3.686302006928333E7
394;3.686302006928333E7
395;3.686302006928333E7
396;3.686302006928333E7
397;3.686302006928333E7
398;3.686302006928333E7
399;3.686302006928333E7
400;3.686302006928333E7
401;3.661306246335E7
402;3.661306246335E7
403;3.661306246335E7
404;3.661306246335E7
405;3.661306246335E7
406;3.661306246335E7
407;3.661306246335E7
408;3.661306246335E7
409;3.661306246335E7
410;3.661306246335E7
411;3.661306246335E7
412;3.661306246335E7
413;3.661306246335E7
414;3.661305855748333E7
415;3.661304995577778E7
416;3.661304995577778E7
417;3.661304995577778E7
418;3.661304995577778E7
419;3.661304995577778E7
420;3.661304995577778E7
421;3.661304995577778E7
422;3.661304995577778E7
423;3.661304995577778E7
424;3.661304995577778E7
425;3.661304995577778E7
426;3.661304995577778E7
427;3.661304995577778E7
428;3.661304995577778E7
429;3.661304995577778E7
430;3.661304995577778E7
431;3.661304995577778E7
432;3.661304995577778E7
433;3.661304995577778E7
434;3.661304995577778E7
435;3.661304691077778E7
436;3.661304691077778E7
437;3.661304691077778E7
438;3.661304691077778E7
439;3.661304691077778E7
440;3.661304691077778E7
441;3.661304691077778E7
442;3.661304691077778E7
443;3.661304691077778E7
444;3.661304691077778E7
445;3.661304691077778E7
446;3.661304691077778E7
447;3.661304691077778E7
448;3.661304691077778E7
449;3.661304691077778E7
450;3.661304691077778E7
451;3.661304691077778E7
452;3.661304691077778E7
453;3.661304691077778E7
454;3.661304691077778E7
455;3.661304691077778E7
456;3.661304691077778E7
457;3.661304691077778E7
458;3.661304691077778E7
459;3.661304691077778E7
460;3.661304691077778E7
461;3.661304691077778E7
462;3.6613044558411114E7
463;3.6613036839711115E7
464;3.6613031136305556E7
465;3.6613017929633334E7
466;3.661300984604444E7
467;3.661300984604444E7
468;3.661300961366111E7
469;3.661300300847222E7
470;3.661300293857222E7
471;3.661300293857222E7
472;3.661298854934444E7
473;3.661298854934444E7
474;3.661298854934444E7
475;3.661298507252222E7
476;3.661297766267222E7
477;3.6612969524233334E7
478;3.6612969524233334E7
479;3.6612969524233334E7
480;3.6612969524233334E7
481;3.6612969524233334E7
482;3.6612969524233334E7
483;3.6612969524233334E7
484;3.6612969524233334E7
485;3.6612969524233334E7
486;3.6612969524233334E7
487;3.6612969524233334E7
488;3.6612969524233334E7
489;3.636298223087222E7
490;3.636297959708889E7
491;3.63629778482E7
492;3.6362963521638885E7
493;3.6362963521638885E7
494;3.6362963521638885E7
495;3.6362963521638885E7
496;3.6362963521638885E7
497;3.6362963521638885E7
498;3.6362963521638885E7
499;3.6362963521638885E7
500;3.6362963521638885E7
501;3.6362963521638885E7
502;3.6362963521638885E7
503;3.6362963521638885E7
504;3.6362963521638885E7
505;3.6362963521638885E7
506;3.6362963521638885E7
507;3.6362963521638885E7
508;3.6362963521638885E7
509;3.6362963521638885E7
510;3.6362963521638885E7
511;3.6362963521638885E7
512;3.6362963521638885E7
513;3.6362963521638885E7
514;3.6362963521638885E7
515;3.6362963521638885E7
516;3.6362963521638885E7
517;3.6362963521638885E7
518;3.6362963521638885E7
519;3.6362963521638885E7
520;3.6362963521638885E7
521;3.6362963521638885E7
522;3.6362963521638885E7
523;3.6362963521638885E7
524;3.6362963521638885E7
525;3.6362963521638885E7
526;3.611304753232778E7
527;3.611304572805555E7
528;3.611304572805555E7
529;3.611304572805555E7
530;3.611304567578889E7
531;3.611304567578889E7
532;3.611304001697222E7
533;3.611304001697222E7
534;3.611304001697222E7
535;3.611304001697222E7
536;3.611304001697222E7
537;3.611304001697222E7
538;3.611304001697222E7
539;3.611304001697222E7
540;3.611304001697222E7
541;3.611304001697222E7
542;3.611304001697222E7
543;3.611304001697222E7
544;3.611304001697222E7
545;3.611304001697222E7
546;3.586305006479444E7
547;3.586305006479444E7
548;3.586305006479444E7
549;3.586305006479444E7
550;3.586305006479444E7
551;3.586305006479444E7
552;3.586305006479444E7
553;3.586305006479444E7
554;3.586305006479444E7
555;3.586305006479444E7
556;3.586305006479444E7
557;3.586305006479444E7
558;3.586305006479444E7
559;3.586305006479444E7
560;3.586305006479444E7
561;3.586305006479444E7
562;3.586305006479444E7
563;3.586305006479444E7
564;3.586305006479444E7
565;3.586305006479444E7
566;3.586305006479444E7
567;3.586305006479444E7
568;3.586305006479444E7
569;3.586305006479444E7
570;3.586305006479444E7
571;3.586305006479444E7
572;3.586305006479444E7
573;3.586305006479444E7
574;3.586305006479444E7
575;3.586305006479444E7
576;3.586305006479444E7
577;3.586305006479444E7
578;3.586305006479444E7
579;3.586305006479444E7
580;3.586305006479444E7
581;3.586305006479444E7
582;3.586305006479444E7
583;3.586305006479444E7
584;3.586305006479444E7
585;3.586305006479444E7
586;3.586305006479444E7
587;3.586305006479444E7
588;3.586305006479444E7
589;3.586305006479444E7
590;3.586305006479444E7
591;3.586305006479444E7
592;3.586305006479444E7
593;3.586305006479444E7
594;3.586305006479444E7
595;3.586305006479444E7
596;3.586305006479444E7
597;3.586305006479444E7
598;3.586305006479444E7
599;3.586305006479444E7
600;3.586305006479444E7
601;3.586305006479444E7
602;3.586305006479444E7
603;3.586305006479444E7
604;3.586305006479444E7
605;3.586305006479444E7
606;3.586305006479444E7
607;3.586305006479444E7
608;3.586305006479444E7
609;3.586305006479444E7
610;3.586305006479444E7
611;3.586305006479444E7
612;3.586305006479444E7
613;3.586305006479444E7
614;3.586305006479444E7
615;3.586305006479444E7
616;3.586305006479444E7
617;3.586305006479444E7
618;3.586305006479444E7
619;3.586305006479444E7
620;3.586305006479444E7
621;3.586305006479444E7
622;3.586305006479444E7
623;3.586305006479444E7
624;3.586305006479444E7
625;3.586305006479444E7
626;3.586305006479444E7
627;3.586305006479444E7
628;3.586305006479444E7
629;3.586305006479444E7
630;3.586305006479444E7
631;3.586305006479444E7
632;3.586305006479444E7
633;3.586305006479444E7
634;3.561316308252778E7
635;3.561316308252778E7
636;3.561315570628333E7
637;3.561315570628333E7
638;3.561315570628333E7
639;3.561315570628333E7
640;3.561315570628333E7
641;3.561315570628333E7
642;3.561315570628333E7
643;3.561315570628333E7
644;3.561315570628333E7
645;3.561315426652778E7
646;3.561315426652778E7
647;3.561315349713334E7
648;3.5613153076744445E7
649;3.561314899146111E7
650;3.561314557011111E7
651;3.561314393662778E7
652;3.56131396225E7
653;3.561313758713333E7
654;3.561312647566667E7
655;3.561312647566667E7
656;3.561312647566667E7
657;3.561312647566667E7
658;3.561311110213333E7
659;3.561311110213333E7
660;3.561311110213333E7
661;3.561311110213333E7
662;3.561311110213333E7
663;3.561311110213333E7
664;3.561311110213333E7
665;3.561311110213333E7
666;3.561311110213333E7
667;3.561311110213333E7
668;3.561311110213333E7
669;3.561311110213333E7
670;3.561311110213333E7
671;3.561311110213333E7
672;3.561311110213333E7
673;3.561311110213333E7
674;3.561311110213333E7
675;3.561311110213333E7
676;3.561311110213333E7
677;3.561311110213333E7
678;3.561311110213333E7
679;3.561311110213333E7
680;3.561311110213333E7
681;3.561311110213333E7
682;3.561311110213333E7
683;3.561311110213333E7
684;3.561311110213333E7
685;3.561311110213333E7
686;3.561311110213333E7
687;3.561311110213333E7
688;3.561311110213333E7
689;3.561311110213333E7
690;3.561311110213333E7
691;3.561311110213333E7
692;3.561311110213333E7
693;3.561311110213333E7
694;3.561311110213333E7
695;3.561311110213333E7
696;3.561311110213333E7
697;3.561311110213333E7
698;3.561311110213333E7
699;3.561311110213333E7
700;3.561311110213333E7
701;3.561311110213333E7
702;3.561311110213333E7
703;3.561311110213333E7
704;3.561310941037778E7
705;3.561310032705E7
706;3.561310032705E7
707;3.5613097340627775E7
708;3.561308908065556E7
709;3.561308908065556E7
710;3.561308908065556E7
711;3.561308908065556E7
712;3.561308908065556E7
713;3.561308908065556E7
714;3.561308908065556E7
715;3.561308908065556E7
716;3.561308908065556E7
717;3.561308908065556E7
718;3.561308908065556E7
719;3.561308908065556E7
720;3.561308908065556E7
721;3.561308908065556E7
722;3.561308908065556E7
723;3.561308908065556E7
724;3.561308908065556E7
725;3.561308908065556E7
726;3.561308908065556E7
727;3.561308908065556E7
728;3.561308908065556E7
729;3.561308908065556E7
730;3.561308908065556E7
731;3.561308908065556E7
732;3.561308908065556E7
733;3.561308908065556E7
734;3.561308908065556E7
735;3.561308908065556E7
736;3.561308908065556E7
737;3.561308908065556E7
738;3.561308908065556E7
739;3.561308908065556E7
740;3.561308908065556E7
741;3.561308908065556E7
742;3.561308908065556E7
743;3.561308908065556E7
744;3.561308908065556E7
745;3.561308908065556E7
746;3.561308908065556E7
747;3.561308908065556E7
748;3.561308908065556E7
749;3.561308908065556E7
750;3.561308908065556E7
751;3.561308908065556E7
752;3.561308908065556E7
753;3.561308908065556E7
754;3.561308908065556E7
755;3.561308908065556E7
756;3.561308908065556E7
757;3.561308908065556E7
758;3.561308908065556E7
759;3.561308908065556E7
760;3.561308908065556E7
761;3.561308908065556E7
762;3.561308908065556E7
763;3.561308908065556E7
764;3.561308908065556E7
765;3.561308908065556E7
766;3.561308908065556E7
767;3.561308908065556E7
768;3.561308908065556E7
769;3.561308908065556E7
770;3.561308908065556E7
771;3.561308908065556E7
772;3.561308908065556E7
773;3.561308908065556E7
774;3.561308908065556E7
775;3.561308908065556E7
776;3.561308908065556E7
777;3.561308908065556E7
778;3.561308908065556E7
779;3.561308908065556E7
780;3.561308908065556E7
781;3.561308908065556E7
782;3.561308908065556E7
783;3.561308908065556E7
784;3.561308908065556E7
785;3.561308908065556E7
786;3.561308908065556E7
787;3.561308908065556E7
788;3.561308908065556E7
789;3.561308908065556E7
790;3.561308908065556E7
791;3.561308908065556E7
792;3.561308908065556E7
793;3.561308908065556E7
794;3.561308908065556E7
795;3.561308908065556E7
796;3.561308908065556E7
797;3.561308908065556E7
798;3.561308908065556E7
799;3.561308908065556E7
800;3.561308908065556E7
801;3.561308908065556E7
802;3.561308908065556E7
803;3.561308908065556E7
804;3.561308908065556E7
805;3.561308908065556E7
806;3.561308908065556E7
807;3.561308908065556E7
808;3.561308908065556E7
809;3.561308908065556E7
810;3.561308908065556E7
811;3.561308908065556E7
812;3.561308908065556E7
813;3.561308908065556E7
814;3.561308908065556E7
815;3.561308908065556E7
816;3.561308908065556E7
817;3.561308908065556E7
818;3.561308908065556E7
819;3.561308908065556E7
820;3.561308908065556E7
821;3.561308908065556E7
822;3.561308908065556E7
823;3.561308908065556E7
824;3.561308908065556E7
825;3.561308908065556E7
826;3.561308908065556E7
827;3.561308908065556E7
828;3.561308908065556E7
829;3.561308908065556E7
830;3.561308908065556E7
831;3.561308908065556E7
832;3.561308908065556E7
833;3.561308908065556E7
834;3.561308908065556E7
835;3.561308908065556E7
836;3.561308908065556E7
837;3.561308908065556E7
838;3.561308908065556E7
839;3.561308908065556E7
840;3.561308908065556E7
841;3.561308908065556E7
842;3.561308908065556E7
843;3.561308908065556E7
844;3.561308908065556E7
845;3.561308908065556E7
846;3.561308908065556E7
847;3.561308908065556E7
848;3.561308908065556E7
849;3.561308908065556E7
850;3.561308908065556E7
851;3.561308908065556E7
852;3.561308908065556E7
853;3.561308908065556E7
854;3.561308908065556E7
855;3.561308908065556E7
856;3.561308908065556E7
857;3.561308908065556E7
858;3.561308908065556E7
859;3.561308908065556E7
860;3.561308908065556E7
861;3.561308908065556E7
862;3.561308908065556E7
863;3.561308908065556E7
864;3.561308908065556E7
865;3.561308908065556E7
866;3.561308908065556E7
867;3.561308908065556E7
868;3.561308908065556E7
869;3.561308908065556E7
870;3.561308908065556E7
871;3.561308908065556E7
872;3.561308908065556E7
873;3.561308908065556E7
874;3.561308908065556E7
875;3.561308908065556E7
876;3.561308908065556E7
877;3.561308908065556E7
878;3.561308908065556E7
879;3.561308908065556E7
880;3.561308908065556E7
881;3.561308908065556E7
882;3.561308908065556E7
883;3.561308908065556E7
884;3.561308908065556E7
885;3.561308908065556E7
886;3.561308908065556E7
887;3.561308908065556E7
888;3.561308908065556E7
889;3.561308908065556E7
890;3.561308908065556E7
891;3.561308908065556E7
892;3.561308908065556E7
893;3.561308908065556E7
894;3.561308908065556E7
895;3.561308908065556E7
896;3.561308908065556E7
897;3.561308908065556E7
898;3.561308908065556E7
899;3.561308908065556E7
900;3.561308908065556E7
901;3.561308908065556E7
902;3.561308908065556E7
903;3.561308908065556E7
904;3.561308908065556E7
905;3.561308908065556E7
906;3.561308908065556E7
907;3.561308908065556E7
908;3.561308908065556E7
909;3.561308908065556E7
910;3.561308908065556E7
911;3.561308908065556E7
912;3.561308908065556E7
913;3.561308908065556E7
914;3.561308908065556E7
915;3.561308908065556E7
916;3.561308908065556E7
917;3.561308908065556E7
918;3.561308908065556E7
919;3.561308908065556E7
920;3.561308908065556E7
921;3.561308908065556E7
922;3.561308908065556E7
923;3.561308908065556E7
924;3.561308908065556E7
925;3.561308908065556E7
926;3.561308908065556E7
927;3.561308908065556E7
928;3.561308908065556E7
929;3.561308908065556E7
930;3.561308908065556E7
931;3.561308908065556E7
932;3.561308908065556E7
933;3.561308908065556E7
934;3.561308908065556E7
935;3.561308908065556E7
936;3.561308908065556E7
937;3.536322364648889E7
938;3.536322364648889E7
939;3.536322364648889E7
940;3.536321760632778E7
941;3.536320929347222E7
942;3.536320727035555E7
943;3.5363205159483336E7
944;3.536319694538333E7
945;3.536319694538333E7
946;3.536319694538333E7
947;3.536319694538333E7
948;3.536319694538333E7
949;3.536319694538333E7
950;3.536319694538333E7
951;3.536319694538333E7
952;3.536319694538333E7
953;3.536319694538333E7
954;3.536319694538333E7
955;3.536319694538333E7
956;3.536319694538333E7
957;3.536319694538333E7
958;3.536319694538333E7
959;3.536319694538333E7
960;3.536319694538333E7
961;3.536319694538333E7
962;3.536319694538333E7
963;3.536319694538333E7
964;3.536319694538333E7
965;3.511323250356667E7
966;3.511322342672778E7
967;3.511320559663889E7
968;3.5113205122155555E7
969;3.511319733477778E7
970;3.511319733477778E7
971;3.511319733477778E7
972;3.511319733477778E7
973;3.511319733477778E7
974;3.511319733477778E7
975;3.511319733477778E7
976;3.511319733477778E7
977;3.511319733477778E7
978;3.511319733477778E7
979;3.511319733477778E7
980;3.511319733477778E7
981;3.511319733477778E7
982;3.511319733477778E7
983;3.511319733477778E7
984;3.511319733477778E7
985;3.511319733477778E7
986;3.511319733477778E7
987;3.511319733477778E7
988;3.511319733477778E7
989;3.511319733477778E7
990;3.511319733477778E7
991;3.511319733477778E7
992;3.511319733477778E7
993;3.511319733477778E7
994;3.511319733477778E7
995;3.511319733477778E7
996;3.511319733477778E7
997;3.511319733477778E7
998;3.511319733477778E7
999;3.511319733477778E7
