* Haltestellen;;;;;;;;;;
*;;;;;;;;;;
$STOPPOINT:ID;Code;Name;VehCapacityForCharging
8890;8890;8890;1000
8886;8886;8886;1000
8880;8880;8880;1000
8884;8884;8884;1000
8885;8885;8885;1000
8812;8812;8812;1000
8888;8888;8888;1000
8889;8889;8889;1000
9157;9157;9157;1000
9139;9139;9139;1000
9148;9148;9148;1000
9149;9149;9149;1000
9124;9124;9124;1000
9123;9123;9123;1000
9127;9127;9127;1000
9094;9094;9094;1000
9096;9096;9096;1000
16;16;16;1000
1;1;1;1000
*;;;;;;;;;;
* Linien;;;;;;;;;;
*;;;;;;;;;;
$LINE:ID;Code;Name;;;;;;;;
40;40;40;;;;;;;;
1;1;1;;;;;;;;
59;59;59;;;;;;;;
4;4;4;;;;;;;;
5;5;5;;;;;;;;
6;6;6;;;;;;;;
7;7;7;;;;;;;;
45;45;45;;;;;;;;
46;46;46;;;;;;;;
*;;;;;;;;;;
* Linienfahrten;;;;;;;;;;
*;;;;;;;;;;
$SERVICEJOURNEY:ID;LineID;FromStopID;ToStopID;DepTime;ArrTime;MinAheadTime;MinLayoverTime;VehTypeGroupID;MaxShiftBackwardSeconds;MaxShiftForwardSeconds;Distance
65587;1;9140;8890;000:04:44:00;000:04:54:10;0;0;1;0;0;3050
65542;1;8881;8357;000:05:25:00;000:05:41:45;0;0;1;0;0;5025
65562;1;8361;8890;000:05:55:00;000:06:12:19;0;0;1;0;0;5195
65592;1;8881;9140;000:06:31:00;000:06:41:00;0;0;1;0;0;3000
65561;1;9140;8890;000:06:42:00;000:06:52:10;0;0;1;0;0;3050
65540;1;8881;8357;000:06:57:00;000:07:16:26;0;0;1;0;0;5830
65537;1;8361;8890;000:07:05:00;000:07:26:56;0;0;1;0;0;6580
65563;1;8881;8357;000:07:13:00;000:07:30:41;0;0;1;0;0;5305
65582;1;8361;8890;000:07:24:00;000:07:45:56;0;0;1;0;0;6580
65539;1;8881;8357;000:07:38:00;000:07:57:26;0;0;1;0;0;5830
*;;;;;;;;;;
* Verbindungen;;;;;;;;;;
*;;;;;;;;;;
$DEADRUNTIME:FromStopID;ToStopID;FromTime;ToTime;Distance;RunTime;;;;;
8260;1;000:00:00:00;001:12:00:00;8000;900;;;;;
8883;1;000:00:00:00;001:12:00:00;20000;2500;;;;;
8260;8206;000:00:00:00;001:12:00:00;800;180;;;;;
8208;8207;000:00:00:00;001:12:00:00;461;120;;;;;
8309;8207;000:00:00:00;001:12:00:00;7200;600;;;;;
9189;8207;000:00:00:00;001:12:00:00;22000;2100;;;;;
9190;8207;000:00:00:00;001:12:00:00;22000;2100;;;;;
9380;8207;000:00:00:00;001:12:00:00;7200;600;;;;;
9704;8207;000:00:00:00;001:12:00:00;2549;240;;;;;
9705;8207;000:00:00:00;001:12:00:00;0;0;;;;;
9712;8207;000:00:00:00;001:12:00:00;3500;300;;;;;